camera_matrix:
- - 255.9834251115208
  - 0.0
  - 337.8600038620238
- - 0.0
  - 290.7489780571974
  - 224.31187161001455
- - 0.0
  - 0.0
  - 1.0
dist_coeff:
- - -0.013923256214019172
  - 0.015143508254033811
  - 0.0932880825487203
  - -0.0007733078149405481
  - 0.05381494878515991
rvecs:
- - - -14.650433981795162
  - - -3.5787676621450624
  - - -14.820385769911375
- - - -1.0126984301695052
  - - 0.11617682782963443
  - - -2.9243292845646542
- - - -0.9591826317023764
  - - -1.4390672744703426
  - - -1.3967176020699164
- - - 1.081887271223625
  - - -0.2060764063995019
  - - 0.18952706680872078
- - - 0.7848732834044397
  - - -0.9415529428794629
  - - 1.3998712000591937
- - - 0.7744938583412907
  - - -0.9388782824559455
  - - 1.3976501524324234
- - - 0.788366008602601
  - - -0.9779163241020091
  - - 1.279257644262197
- - - 0.011217799207176953
  - - 1.7806634096681255
  - - -0.00646278342256613
- - - 0.72258144112256
  - - 0.7783730245736794
  - - 1.2075150864237796
- - - 0.7225814411225587
  - - 0.7783730245736813
  - - 1.2075150864237807
- - - 0.7000353497668557
  - - -1.2723354067395296
  - - 1.6577315632132419
- - - 0.61445728939547
  - - -0.432146465406592
  - - -1.326659484132805
- - - -2.1368019730379975
  - - 0.9547020186340301
  - - 1.0190502465922242
tvecs:
- - - -0.1087036811449916
  - - 0.050278032513207074
  - - 1.2778425234948563
- - - -0.10538636373664555
  - - 0.015831098616717824
  - - 0.10261355178864907
- - - -0.371344698052578
  - - 0.06037760462372954
  - - 1.3153594337380934
- - - -0.03941081064868047
  - - 0.0345786284895715
  - - 0.11271373707131828
- - - 0.0157026035679606
  - - 0.03490323545391895
  - - 0.1226179491060067
- - - 0.01539636121232354
  - - 0.036034346775169444
  - - 0.12618964932096632
- - - 0.026769727856466193
  - - 0.03329310497915613
  - - 0.14771249645789783
- - - 0.19726451532689548
  - - 0.0032850789531739403
  - - 0.541036664355797
- - - -0.41398684929947027
  - - 0.26053423761277816
  - - 1.0728670979405301
- - - -0.4139868492994701
  - - 0.2605342376127781
  - - 1.07286709794053
- - - 0.2200754088591659
  - - 0.19778495236795812
  - - 1.003562813025679
- - - 0.27436429017034397
  - - 0.12855550341421598
  - - 0.34149312816894634
- - - -0.16065050178509802
  - - 0.2156357289612708
  - - 0.3588391320263775
